left,right,up,down
1599.4472296316737,1458.9039588855485,2470.5289944738906,1487.8782929745432
5000.0,5000.0,5000.0,5000.0
1767.0383499823117,1878.7536857224927,2088.009463495265,1815.9347576036923
5000.0,5000.0,5000.0,5000.0
5000.0,5000.0,5000.0,5000.0
1421.7179809860295,1422.8865067708002,2190.4190770875402,1380.395764892493
3605.1749370404195,3295.293517582398,3062.534910743297,3036.178317990755
5000.0,5000.0,5000.0,5000.0
3881.632056686603,3810.4459949978936,3577.0058808479757,3217.351771907587
5000.0,5000.0,5000.0,5000.0
5000.0,5000.0,5000.0,5000.0
5000.0,5000.0,5000.0,5000.0
1993.4037897893243,2022.8482110282011,1697.6592178543679,1996.821876375609
5000.0,5000.0,5000.0,5000.0
2262.125992469495,2514.452056629048,1941.4272055134893,2268.2815742192
5000.0,5000.0,5000.0,5000.0
5000.0,5000.0,5000.0,5000.0
1376.6109469236144,1390.2023204688485,1626.7787408318652,1371.872115545779
4257.801995609138,3982.410009572047,4239.8789988593035,3460.9190596140975
5000.0,5000.0,5000.0,5000.0
3823.0088551075874,3746.8507897008562,3973.132525555189,3349.2153578670204
5000.0,5000.0,5000.0,5000.0
5000.0,5000.0,5000.0,5000.0
5000.0,5000.0,5000.0,5000.0
5000.0,5000.0,5000.0,5000.0
5000.0,5000.0,5000.0,5000.0
5000.0,5000.0,5000.0,5000.0
5000.0,5000.0,5000.0,5000.0
5000.0,5000.0,5000.0,5000.0
5000.0,5000.0,5000.0,5000.0
5000.0,5000.0,5000.0,5000.0
5000.0,5000.0,5000.0,5000.0
5000.0,5000.0,5000.0,5000.0
5000.0,5000.0,5000.0,5000.0
5000.0,5000.0,5000.0,5000.0
5000.0,5000.0,5000.0,5000.0
5000.0,5000.0,5000.0,5000.0
5000.0,5000.0,5000.0,5000.0
5000.0,5000.0,5000.0,5000.0
5000.0,5000.0,5000.0,5000.0
5000.0,5000.0,5000.0,5000.0
5000.0,5000.0,5000.0,5000.0
5000.0,5000.0,5000.0,5000.0
5000.0,5000.0,5000.0,5000.0
5000.0,5000.0,5000.0,5000.0
5000.0,5000.0,5000.0,5000.0
5000.0,5000.0,5000.0,5000.0
5000.0,5000.0,5000.0,5000.0
5000.0,5000.0,5000.0,5000.0
5000.0,5000.0,5000.0,5000.0
5000.0,5000.0,5000.0,5000.0
5000.0,5000.0,5000.0,5000.0
5000.0,5000.0,5000.0,5000.0
5000.0,5000.0,5000.0,5000.0
5000.0,5000.0,5000.0,5000.0
5000.0,5000.0,5000.0,5000.0
5000.0,5000.0,5000.0,5000.0
5000.0,5000.0,5000.0,5000.0
5000.0,5000.0,5000.0,5000.0
5000.0,5000.0,5000.0,5000.0
5000.0,5000.0,5000.0,5000.0
5000.0,5000.0,5000.0,5000.0
5000.0,5000.0,5000.0,5000.0
5000.0,5000.0,5000.0,5000.0
5000.0,5000.0,5000.0,5000.0
5000.0,5000.0,5000.0,5000.0
5000.0,5000.0,5000.0,5000.0
5000.0,5000.0,5000.0,5000.0
5000.0,5000.0,5000.0,5000.0
5000.0,5000.0,5000.0,5000.0
5000.0,5000.0,5000.0,5000.0
5000.0,5000.0,5000.0,5000.0
2209.281593335462,2166.1916300890666,2181.2053512843963,2223.7444868602515
5000.0,5000.0,5000.0,5000.0
2949.4535231857976,3150.00401425786,2908.3759331407878,2631.1744579214883
5000.0,5000.0,5000.0,5000.0
5000.0,5000.0,5000.0,5000.0
5000.0,5000.0,5000.0,5000.0
5000.0,5000.0,5000.0,5000.0
5000.0,5000.0,5000.0,5000.0
5000.0,5000.0,5000.0,5000.0
5000.0,5000.0,5000.0,5000.0
5000.0,5000.0,5000.0,5000.0
5000.0,5000.0,5000.0,5000.0
3019.855919811041,2678.2284391831927,2682.8325760844295,2932.8578476517396
5000.0,5000.0,5000.0,5000.0
3567.915419786509,3206.2623391087423,3570.0978875963438,3463.226888010542
5000.0,5000.0,5000.0,5000.0
5000.0,5000.0,5000.0,5000.0
5000.0,5000.0,5000.0,5000.0
5000.0,5000.0,5000.0,5000.0
5000.0,5000.0,5000.0,5000.0
5000.0,5000.0,5000.0,5000.0
5000.0,5000.0,5000.0,5000.0
5000.0,5000.0,5000.0,5000.0
5000.0,5000.0,5000.0,5000.0
5000.0,5000.0,5000.0,5000.0
5000.0,5000.0,5000.0,5000.0
5000.0,5000.0,5000.0,5000.0
5000.0,5000.0,5000.0,5000.0
5000.0,5000.0,5000.0,5000.0
5000.0,5000.0,5000.0,5000.0
5000.0,5000.0,5000.0,5000.0
5000.0,5000.0,5000.0,5000.0
5000.0,5000.0,5000.0,5000.0
5000.0,5000.0,5000.0,5000.0
5000.0,5000.0,5000.0,5000.0
5000.0,5000.0,5000.0,5000.0
5000.0,5000.0,5000.0,5000.0
5000.0,5000.0,5000.0,5000.0
5000.0,5000.0,5000.0,5000.0
5000.0,5000.0,5000.0,5000.0
5000.0,5000.0,5000.0,5000.0
5000.0,5000.0,5000.0,5000.0
5000.0,5000.0,5000.0,5000.0
5000.0,5000.0,5000.0,5000.0
5000.0,5000.0,5000.0,5000.0
5000.0,5000.0,5000.0,5000.0
5000.0,5000.0,5000.0,5000.0
5000.0,5000.0,5000.0,5000.0
5000.0,5000.0,5000.0,5000.0
5000.0,5000.0,5000.0,5000.0
5000.0,5000.0,5000.0,5000.0
5000.0,5000.0,5000.0,5000.0
5000.0,5000.0,5000.0,5000.0
5000.0,5000.0,5000.0,5000.0
5000.0,5000.0,5000.0,5000.0
5000.0,5000.0,5000.0,5000.0
5000.0,5000.0,5000.0,5000.0
5000.0,5000.0,5000.0,5000.0
5000.0,5000.0,5000.0,5000.0
5000.0,5000.0,5000.0,5000.0
5000.0,5000.0,5000.0,5000.0
5000.0,5000.0,5000.0,5000.0
5000.0,5000.0,5000.0,5000.0
5000.0,5000.0,5000.0,5000.0
5000.0,5000.0,5000.0,5000.0
5000.0,5000.0,5000.0,5000.0
5000.0,5000.0,5000.0,5000.0
5000.0,5000.0,5000.0,5000.0
5000.0,5000.0,5000.0,5000.0
5000.0,5000.0,5000.0,5000.0
5000.0,5000.0,5000.0,5000.0
5000.0,5000.0,5000.0,5000.0
5000.0,5000.0,5000.0,5000.0
5000.0,5000.0,5000.0,5000.0
5000.0,5000.0,5000.0,5000.0
5000.0,5000.0,5000.0,5000.0
5000.0,5000.0,5000.0,5000.0
5000.0,5000.0,5000.0,5000.0
5000.0,5000.0,5000.0,5000.0
5000.0,5000.0,5000.0,5000.0
5000.0,5000.0,5000.0,5000.0
5000.0,5000.0,5000.0,5000.0
5000.0,5000.0,5000.0,5000.0
5000.0,5000.0,5000.0,5000.0
5000.0,5000.0,5000.0,5000.0
5000.0,5000.0,5000.0,5000.0
5000.0,5000.0,5000.0,5000.0
5000.0,5000.0,5000.0,5000.0
5000.0,5000.0,5000.0,5000.0
5000.0,5000.0,5000.0,5000.0
5000.0,5000.0,5000.0,5000.0
5000.0,5000.0,5000.0,5000.0
5000.0,5000.0,5000.0,5000.0
5000.0,5000.0,5000.0,5000.0
5000.0,5000.0,5000.0,5000.0
5000.0,5000.0,5000.0,5000.0
5000.0,5000.0,5000.0,5000.0
5000.0,5000.0,5000.0,5000.0
5000.0,5000.0,5000.0,5000.0
5000.0,5000.0,5000.0,5000.0
5000.0,5000.0,5000.0,5000.0
5000.0,5000.0,5000.0,5000.0
5000.0,5000.0,5000.0,5000.0
5000.0,5000.0,5000.0,5000.0
5000.0,5000.0,5000.0,5000.0
5000.0,5000.0,5000.0,5000.0
5000.0,5000.0,5000.0,5000.0
5000.0,5000.0,5000.0,5000.0
3859.736823209649,4057.2836145063775,4150.656727357772,4359.73103303
5000.0,5000.0,5000.0,5000.0
4301.872290183354,4849.7,4720.3679471899995,4849.7
5000.0,5000.0,5000.0,5000.0
5000.0,5000.0,5000.0,5000.0
3217.851130846117,4703.909,4368.9442577,4375.9829119099995
5000.0,5000.0,4789.7,5000.0
5000.0,5000.0,5000.0,5000.0
5000.0,5000.0,5000.0,5000.0
5000.0,5000.0,5000.0,5000.0
5000.0,5000.0,5000.0,5000.0
5000.0,5000.0,5000.0,5000.0
3917.020930201889,4502.01101,4138.517477734391,4544.0557817
5000.0,5000.0,5000.0,5000.0
4272.755576648122,5000.0,4849.7,5000.0
5000.0,5000.0,5000.0,5000.0
5000.0,5000.0,5000.0,5000.0
4368.99021444407,4463.499641,3350.1476026731743,4601.8553
5000.0,5000.0,4744.49,5000.0
5000.0,5000.0,5000.0,5000.0
5000.0,5000.0,5000.0,5000.0
5000.0,5000.0,5000.0,5000.0
5000.0,5000.0,5000.0,5000.0
5000.0,5000.0,5000.0,5000.0
5000.0,5000.0,5000.0,5000.0
5000.0,5000.0,5000.0,5000.0
5000.0,5000.0,5000.0,5000.0
5000.0,5000.0,5000.0,5000.0
5000.0,5000.0,5000.0,5000.0
5000.0,5000.0,5000.0,5000.0
5000.0,5000.0,5000.0,5000.0
5000.0,5000.0,5000.0,5000.0
5000.0,5000.0,5000.0,5000.0
5000.0,5000.0,5000.0,5000.0
5000.0,5000.0,5000.0,5000.0
5000.0,5000.0,5000.0,5000.0
5000.0,5000.0,5000.0,5000.0
5000.0,5000.0,5000.0,5000.0
5000.0,5000.0,5000.0,5000.0
5000.0,5000.0,5000.0,5000.0
5000.0,5000.0,5000.0,5000.0
5000.0,5000.0,5000.0,5000.0
5000.0,5000.0,5000.0,5000.0
5000.0,5000.0,5000.0,5000.0
5000.0,5000.0,5000.0,5000.0
5000.0,5000.0,5000.0,5000.0
5000.0,5000.0,5000.0,5000.0
5000.0,5000.0,5000.0,5000.0
5000.0,5000.0,5000.0,5000.0
5000.0,5000.0,5000.0,5000.0
5000.0,5000.0,5000.0,5000.0
5000.0,5000.0,5000.0,5000.0
5000.0,5000.0,5000.0,5000.0
5000.0,5000.0,5000.0,5000.0
5000.0,5000.0,5000.0,5000.0
5000.0,5000.0,5000.0,5000.0
5000.0,5000.0,5000.0,5000.0
5000.0,5000.0,5000.0,5000.0
5000.0,5000.0,5000.0,5000.0
5000.0,5000.0,5000.0,5000.0
5000.0,5000.0,5000.0,5000.0
5000.0,5000.0,5000.0,5000.0
5000.0,5000.0,5000.0,5000.0
5000.0,5000.0,5000.0,5000.0
5000.0,5000.0,5000.0,5000.0
5000.0,5000.0,5000.0,5000.0
5000.0,5000.0,5000.0,5000.0
5000.0,5000.0,5000.0,5000.0
5000.0,5000.0,5000.0,5000.0
5000.0,5000.0,5000.0,5000.0
5000.0,5000.0,5000.0,5000.0
5000.0,5000.0,5000.0,5000.0
5000.0,5000.0,5000.0,5000.0
5000.0,5000.0,5000.0,5000.0
5000.0,5000.0,5000.0,5000.0
5000.0,5000.0,5000.0,5000.0
5000.0,5000.0,5000.0,5000.0
5000.0,5000.0,5000.0,5000.0
5000.0,5000.0,5000.0,5000.0
5000.0,5000.0,5000.0,5000.0
5000.0,5000.0,5000.0,5000.0
5000.0,5000.0,5000.0,5000.0
5000.0,5000.0,5000.0,5000.0
5000.0,5000.0,5000.0,5000.0
5000.0,5000.0,5000.0,5000.0
5000.0,5000.0,5000.0,5000.0
5000.0,5000.0,5000.0,5000.0
5000.0,5000.0,5000.0,5000.0
5000.0,5000.0,5000.0,5000.0
5000.0,5000.0,5000.0,5000.0
5000.0,5000.0,5000.0,5000.0
5000.0,5000.0,5000.0,5000.0
5000.0,5000.0,5000.0,5000.0
5000.0,5000.0,5000.0,5000.0
5000.0,5000.0,5000.0,5000.0
5000.0,5000.0,5000.0,5000.0
5000.0,5000.0,5000.0,5000.0
5000.0,5000.0,5000.0,5000.0
5000.0,5000.0,5000.0,5000.0
5000.0,5000.0,5000.0,5000.0
5000.0,5000.0,5000.0,5000.0
5000.0,5000.0,5000.0,5000.0
5000.0,5000.0,5000.0,5000.0
5000.0,5000.0,5000.0,5000.0
5000.0,5000.0,5000.0,5000.0
5000.0,5000.0,5000.0,5000.0
5000.0,5000.0,5000.0,5000.0
5000.0,5000.0,5000.0,5000.0
5000.0,5000.0,5000.0,5000.0
5000.0,5000.0,5000.0,5000.0
5000.0,5000.0,5000.0,5000.0
5000.0,5000.0,5000.0,5000.0
5000.0,5000.0,5000.0,5000.0
5000.0,5000.0,5000.0,5000.0
5000.0,5000.0,5000.0,5000.0
5000.0,5000.0,5000.0,5000.0
5000.0,5000.0,5000.0,5000.0
5000.0,5000.0,5000.0,5000.0
5000.0,5000.0,5000.0,5000.0
5000.0,5000.0,5000.0,5000.0
5000.0,5000.0,5000.0,5000.0
5000.0,5000.0,5000.0,5000.0
5000.0,5000.0,5000.0,5000.0
5000.0,5000.0,5000.0,5000.0
5000.0,5000.0,5000.0,5000.0
5000.0,5000.0,5000.0,5000.0
5000.0,5000.0,5000.0,5000.0
5000.0,5000.0,5000.0,5000.0
5000.0,5000.0,5000.0,5000.0
5000.0,5000.0,5000.0,5000.0
5000.0,5000.0,5000.0,5000.0
5000.0,5000.0,5000.0,5000.0
5000.0,5000.0,5000.0,5000.0
5000.0,5000.0,5000.0,5000.0
5000.0,5000.0,5000.0,5000.0
5000.0,5000.0,5000.0,5000.0
5000.0,5000.0,5000.0,5000.0
5000.0,5000.0,5000.0,5000.0
5000.0,5000.0,5000.0,5000.0
5000.0,5000.0,5000.0,5000.0
5000.0,5000.0,5000.0,5000.0
5000.0,5000.0,5000.0,5000.0
5000.0,5000.0,5000.0,5000.0
5000.0,5000.0,5000.0,5000.0
5000.0,5000.0,5000.0,5000.0
5000.0,5000.0,5000.0,5000.0
5000.0,5000.0,5000.0,5000.0
5000.0,5000.0,5000.0,5000.0
5000.0,5000.0,5000.0,5000.0
5000.0,5000.0,5000.0,5000.0
3374.9527560181054,4179.261584517587,4015.982337225309,4019.5357464114913
5000.0,5000.0,5000.0,5000.0
5000.0,5000.0,5000.0,5000.0
5000.0,4744.49,4097.005582859315,4849.7
5000.0,5000.0,5000.0,5000.0
5000.0,5000.0,5000.0,5000.0
5000.0,5000.0,5000.0,5000.0
5000.0,5000.0,5000.0,5000.0
5000.0,5000.0,5000.0,5000.0
5000.0,5000.0,5000.0,5000.0
5000.0,5000.0,5000.0,5000.0
5000.0,5000.0,5000.0,5000.0
4010.3675377618083,4427.31699597285,4670.843,4195.046800580733
4031.9969384655733,5000.0,5000.0,3972.7409089796292
5000.0,5000.0,5000.0,5000.0
5000.0,4744.49,3991.9500315156165,5000.0
5000.0,5000.0,5000.0,5000.0
5000.0,5000.0,5000.0,5000.0
5000.0,5000.0,5000.0,5000.0
5000.0,5000.0,5000.0,5000.0
5000.0,5000.0,5000.0,5000.0
5000.0,5000.0,5000.0,5000.0
5000.0,5000.0,5000.0,5000.0
5000.0,5000.0,5000.0,5000.0
5000.0,5000.0,5000.0,5000.0
5000.0,5000.0,5000.0,5000.0
5000.0,5000.0,5000.0,5000.0
5000.0,5000.0,5000.0,5000.0
5000.0,5000.0,5000.0,5000.0
5000.0,5000.0,5000.0,5000.0
5000.0,5000.0,5000.0,5000.0
5000.0,5000.0,5000.0,5000.0
5000.0,5000.0,5000.0,5000.0
5000.0,5000.0,5000.0,5000.0
5000.0,5000.0,5000.0,5000.0
5000.0,5000.0,5000.0,5000.0
5000.0,5000.0,5000.0,5000.0
5000.0,5000.0,5000.0,5000.0
5000.0,5000.0,5000.0,5000.0
5000.0,5000.0,5000.0,5000.0
5000.0,5000.0,5000.0,5000.0
5000.0,5000.0,5000.0,5000.0
5000.0,5000.0,5000.0,5000.0
5000.0,5000.0,5000.0,5000.0
5000.0,5000.0,5000.0,5000.0
5000.0,5000.0,5000.0,5000.0
5000.0,5000.0,5000.0,5000.0
5000.0,5000.0,5000.0,5000.0
5000.0,5000.0,5000.0,5000.0
5000.0,5000.0,5000.0,5000.0
5000.0,5000.0,5000.0,5000.0
5000.0,5000.0,5000.0,5000.0
5000.0,5000.0,5000.0,5000.0
5000.0,5000.0,5000.0,5000.0
5000.0,5000.0,5000.0,5000.0
5000.0,5000.0,5000.0,5000.0
5000.0,5000.0,5000.0,5000.0
5000.0,5000.0,5000.0,5000.0
5000.0,5000.0,5000.0,5000.0
5000.0,5000.0,5000.0,5000.0
5000.0,5000.0,5000.0,5000.0
5000.0,5000.0,5000.0,5000.0
5000.0,5000.0,5000.0,5000.0
5000.0,5000.0,5000.0,5000.0
5000.0,5000.0,5000.0,5000.0
5000.0,5000.0,5000.0,5000.0
5000.0,5000.0,5000.0,5000.0
5000.0,5000.0,5000.0,5000.0
5000.0,5000.0,5000.0,5000.0
5000.0,5000.0,5000.0,5000.0
5000.0,5000.0,5000.0,5000.0
5000.0,5000.0,5000.0,5000.0
5000.0,5000.0,5000.0,5000.0
5000.0,5000.0,5000.0,5000.0
5000.0,5000.0,5000.0,5000.0
5000.0,5000.0,5000.0,5000.0
5000.0,5000.0,5000.0,5000.0
5000.0,5000.0,5000.0,5000.0
5000.0,5000.0,5000.0,5000.0
5000.0,5000.0,5000.0,5000.0
5000.0,5000.0,5000.0,5000.0
5000.0,5000.0,5000.0,5000.0
5000.0,5000.0,5000.0,5000.0
5000.0,5000.0,5000.0,5000.0
5000.0,4054.491218173702,5000.0,4849.7
5000.0,5000.0,5000.0,5000.0
5000.0,5000.0,5000.0,5000.0
5000.0,5000.0,5000.0,5000.0
5000.0,5000.0,5000.0,5000.0
5000.0,5000.0,5000.0,5000.0
5000.0,5000.0,5000.0,5000.0
5000.0,5000.0,5000.0,5000.0
5000.0,5000.0,5000.0,5000.0
5000.0,5000.0,5000.0,5000.0
5000.0,5000.0,5000.0,5000.0
5000.0,5000.0,5000.0,5000.0
5000.0,5000.0,5000.0,5000.0
5000.0,5000.0,5000.0,5000.0
5000.0,5000.0,5000.0,5000.0
5000.0,5000.0,5000.0,5000.0
5000.0,5000.0,5000.0,5000.0
5000.0,5000.0,5000.0,5000.0
1737.6775642272548,1768.0444599099608,2667.967112830981,1709.34874737268
5000.0,5000.0,5000.0,5000.0
3026.742535818093,3591.776704104619,3276.4461727866037,3182.1193821990264
5000.0,5000.0,5000.0,5000.0
5000.0,5000.0,5000.0,5000.0
5000.0,5000.0,5000.0,5000.0
5000.0,5000.0,5000.0,5000.0
5000.0,5000.0,5000.0,5000.0
5000.0,5000.0,5000.0,5000.0
5000.0,5000.0,5000.0,5000.0
5000.0,5000.0,5000.0,5000.0
5000.0,5000.0,5000.0,5000.0
1917.494479494686,2256.244073181147,1848.709989755002,1906.3083452789938
5000.0,5000.0,5000.0,5000.0
4172.601825009089,4653.917266099999,4382.032625921567,3432.156853320028
5000.0,5000.0,5000.0,5000.0
5000.0,5000.0,5000.0,5000.0
5000.0,5000.0,5000.0,5000.0
5000.0,5000.0,5000.0,5000.0
5000.0,5000.0,5000.0,5000.0
5000.0,5000.0,5000.0,5000.0
5000.0,5000.0,5000.0,5000.0
5000.0,5000.0,5000.0,5000.0
5000.0,5000.0,5000.0,5000.0
5000.0,5000.0,5000.0,5000.0
5000.0,5000.0,5000.0,5000.0
5000.0,5000.0,5000.0,5000.0
5000.0,5000.0,5000.0,5000.0
5000.0,5000.0,5000.0,5000.0
5000.0,5000.0,5000.0,5000.0
5000.0,5000.0,5000.0,5000.0
5000.0,5000.0,5000.0,5000.0
5000.0,5000.0,5000.0,5000.0
5000.0,5000.0,5000.0,5000.0
5000.0,5000.0,5000.0,5000.0
5000.0,5000.0,5000.0,5000.0
5000.0,5000.0,5000.0,5000.0
5000.0,5000.0,5000.0,5000.0
5000.0,5000.0,5000.0,5000.0
5000.0,5000.0,5000.0,5000.0
5000.0,5000.0,5000.0,5000.0
5000.0,5000.0,5000.0,5000.0
5000.0,5000.0,5000.0,5000.0
5000.0,5000.0,5000.0,5000.0
5000.0,5000.0,5000.0,5000.0
5000.0,5000.0,5000.0,5000.0
5000.0,5000.0,5000.0,5000.0
5000.0,5000.0,5000.0,5000.0
5000.0,5000.0,5000.0,5000.0
5000.0,5000.0,5000.0,5000.0
5000.0,5000.0,5000.0,5000.0
5000.0,5000.0,5000.0,5000.0
5000.0,5000.0,5000.0,5000.0
5000.0,5000.0,5000.0,5000.0
5000.0,5000.0,5000.0,5000.0
5000.0,5000.0,5000.0,5000.0
5000.0,5000.0,5000.0,5000.0
5000.0,5000.0,5000.0,5000.0
5000.0,5000.0,5000.0,5000.0
5000.0,5000.0,5000.0,5000.0
5000.0,5000.0,5000.0,5000.0
5000.0,5000.0,5000.0,5000.0
5000.0,5000.0,5000.0,5000.0
5000.0,5000.0,5000.0,5000.0
5000.0,5000.0,5000.0,5000.0
5000.0,5000.0,5000.0,5000.0
5000.0,5000.0,5000.0,5000.0
5000.0,5000.0,5000.0,5000.0
5000.0,5000.0,5000.0,5000.0
5000.0,5000.0,5000.0,5000.0
5000.0,5000.0,5000.0,5000.0
5000.0,5000.0,5000.0,5000.0
5000.0,5000.0,5000.0,5000.0
5000.0,5000.0,5000.0,5000.0
5000.0,5000.0,5000.0,5000.0
5000.0,5000.0,5000.0,5000.0
5000.0,5000.0,5000.0,5000.0
5000.0,5000.0,5000.0,5000.0
5000.0,5000.0,5000.0,5000.0
5000.0,5000.0,5000.0,5000.0
5000.0,5000.0,5000.0,5000.0
5000.0,5000.0,5000.0,5000.0
5000.0,5000.0,5000.0,5000.0
5000.0,5000.0,5000.0,5000.0
5000.0,5000.0,5000.0,5000.0
5000.0,5000.0,5000.0,5000.0
5000.0,5000.0,5000.0,5000.0
5000.0,5000.0,5000.0,5000.0
5000.0,5000.0,5000.0,5000.0
5000.0,5000.0,5000.0,5000.0
5000.0,5000.0,5000.0,5000.0
5000.0,5000.0,5000.0,5000.0
5000.0,5000.0,5000.0,5000.0
5000.0,5000.0,5000.0,5000.0
5000.0,5000.0,5000.0,5000.0
5000.0,5000.0,5000.0,5000.0
5000.0,5000.0,5000.0,5000.0
5000.0,5000.0,5000.0,5000.0
5000.0,5000.0,5000.0,5000.0
5000.0,5000.0,5000.0,5000.0
5000.0,5000.0,5000.0,5000.0
5000.0,5000.0,5000.0,5000.0
5000.0,5000.0,5000.0,5000.0
5000.0,5000.0,5000.0,5000.0
5000.0,5000.0,5000.0,5000.0
5000.0,5000.0,5000.0,5000.0
5000.0,5000.0,5000.0,5000.0
5000.0,5000.0,5000.0,5000.0
5000.0,5000.0,5000.0,5000.0
5000.0,5000.0,5000.0,5000.0
5000.0,5000.0,5000.0,5000.0
5000.0,5000.0,5000.0,5000.0
5000.0,5000.0,5000.0,5000.0
5000.0,5000.0,5000.0,5000.0
5000.0,5000.0,5000.0,5000.0
5000.0,5000.0,5000.0,5000.0
5000.0,5000.0,5000.0,5000.0
5000.0,5000.0,5000.0,5000.0
5000.0,5000.0,5000.0,5000.0
5000.0,5000.0,5000.0,5000.0
5000.0,5000.0,5000.0,5000.0
5000.0,5000.0,5000.0,5000.0
5000.0,5000.0,5000.0,5000.0
5000.0,5000.0,5000.0,5000.0
5000.0,5000.0,5000.0,5000.0
5000.0,5000.0,5000.0,5000.0
5000.0,5000.0,5000.0,5000.0
5000.0,5000.0,5000.0,5000.0
5000.0,5000.0,5000.0,5000.0
5000.0,5000.0,5000.0,5000.0
5000.0,5000.0,5000.0,5000.0
5000.0,5000.0,5000.0,5000.0
5000.0,5000.0,5000.0,5000.0
5000.0,5000.0,5000.0,5000.0
5000.0,5000.0,5000.0,5000.0
5000.0,5000.0,5000.0,5000.0
5000.0,5000.0,5000.0,5000.0
5000.0,5000.0,5000.0,5000.0
5000.0,5000.0,5000.0,5000.0
5000.0,5000.0,5000.0,5000.0
5000.0,5000.0,5000.0,5000.0
5000.0,5000.0,5000.0,5000.0
5000.0,5000.0,5000.0,5000.0
5000.0,5000.0,5000.0,5000.0
5000.0,5000.0,5000.0,5000.0
5000.0,5000.0,5000.0,5000.0
5000.0,5000.0,5000.0,5000.0
5000.0,5000.0,5000.0,5000.0
5000.0,5000.0,5000.0,5000.0
5000.0,5000.0,5000.0,5000.0
5000.0,5000.0,5000.0,5000.0
5000.0,5000.0,5000.0,5000.0
5000.0,5000.0,5000.0,5000.0
5000.0,5000.0,5000.0,5000.0
5000.0,5000.0,5000.0,5000.0
5000.0,5000.0,5000.0,5000.0
5000.0,5000.0,5000.0,5000.0
5000.0,5000.0,5000.0,5000.0
5000.0,5000.0,5000.0,5000.0
5000.0,5000.0,5000.0,5000.0
5000.0,5000.0,5000.0,5000.0
5000.0,5000.0,5000.0,5000.0
5000.0,5000.0,5000.0,5000.0
5000.0,5000.0,5000.0,5000.0
5000.0,5000.0,5000.0,5000.0
5000.0,5000.0,5000.0,5000.0
5000.0,5000.0,5000.0,5000.0
5000.0,5000.0,5000.0,5000.0
5000.0,5000.0,5000.0,5000.0
5000.0,5000.0,5000.0,5000.0
5000.0,5000.0,5000.0,5000.0
5000.0,5000.0,5000.0,5000.0
5000.0,5000.0,5000.0,5000.0
5000.0,5000.0,5000.0,5000.0
5000.0,5000.0,5000.0,5000.0
5000.0,5000.0,5000.0,5000.0
5000.0,5000.0,5000.0,5000.0
5000.0,5000.0,5000.0,5000.0
5000.0,5000.0,5000.0,5000.0
5000.0,5000.0,5000.0,5000.0
3913.7856498402502,5000.0,4849.7,4849.7
5000.0,5000.0,5000.0,5000.0
5000.0,5000.0,5000.0,5000.0
5000.0,5000.0,5000.0,5000.0
5000.0,5000.0,5000.0,5000.0
5000.0,5000.0,5000.0,5000.0
5000.0,5000.0,5000.0,5000.0
5000.0,5000.0,5000.0,5000.0
5000.0,5000.0,5000.0,5000.0
5000.0,5000.0,5000.0,5000.0
5000.0,5000.0,5000.0,5000.0
5000.0,5000.0,5000.0,5000.0
5000.0,4849.7,5000.0,4849.7
5000.0,5000.0,5000.0,5000.0
5000.0,5000.0,5000.0,4249.333491932149
5000.0,5000.0,5000.0,5000.0
5000.0,5000.0,5000.0,5000.0
5000.0,5000.0,5000.0,5000.0
5000.0,5000.0,5000.0,5000.0
5000.0,5000.0,5000.0,5000.0
5000.0,5000.0,5000.0,5000.0
5000.0,5000.0,5000.0,5000.0
5000.0,5000.0,5000.0,5000.0
5000.0,5000.0,5000.0,5000.0
5000.0,5000.0,5000.0,5000.0
5000.0,5000.0,5000.0,5000.0
5000.0,5000.0,5000.0,5000.0
5000.0,5000.0,5000.0,5000.0
5000.0,5000.0,5000.0,5000.0
5000.0,5000.0,5000.0,5000.0
5000.0,5000.0,5000.0,5000.0
5000.0,5000.0,5000.0,5000.0
5000.0,5000.0,5000.0,5000.0
5000.0,5000.0,5000.0,5000.0
5000.0,5000.0,5000.0,5000.0
5000.0,5000.0,5000.0,5000.0
5000.0,5000.0,5000.0,5000.0
5000.0,5000.0,5000.0,5000.0
5000.0,5000.0,5000.0,5000.0
5000.0,5000.0,5000.0,5000.0
5000.0,5000.0,5000.0,5000.0
5000.0,5000.0,5000.0,5000.0
5000.0,5000.0,5000.0,5000.0
5000.0,5000.0,5000.0,5000.0
5000.0,5000.0,5000.0,5000.0
5000.0,5000.0,5000.0,5000.0
5000.0,5000.0,5000.0,5000.0
5000.0,5000.0,5000.0,5000.0
5000.0,5000.0,5000.0,5000.0
5000.0,5000.0,5000.0,5000.0
5000.0,5000.0,5000.0,5000.0
5000.0,5000.0,5000.0,5000.0
5000.0,5000.0,5000.0,5000.0
5000.0,5000.0,5000.0,5000.0
5000.0,5000.0,5000.0,5000.0
5000.0,5000.0,5000.0,5000.0
5000.0,5000.0,5000.0,5000.0
5000.0,5000.0,5000.0,5000.0
5000.0,5000.0,5000.0,5000.0
5000.0,5000.0,5000.0,5000.0
5000.0,5000.0,5000.0,5000.0
5000.0,5000.0,5000.0,5000.0
5000.0,5000.0,5000.0,5000.0
5000.0,5000.0,5000.0,5000.0
5000.0,5000.0,5000.0,5000.0
5000.0,5000.0,5000.0,5000.0
5000.0,5000.0,5000.0,5000.0
5000.0,5000.0,5000.0,5000.0
5000.0,5000.0,5000.0,5000.0
5000.0,5000.0,5000.0,5000.0
5000.0,5000.0,5000.0,5000.0
5000.0,5000.0,5000.0,5000.0
5000.0,5000.0,5000.0,5000.0
5000.0,5000.0,5000.0,5000.0
5000.0,5000.0,5000.0,5000.0
5000.0,5000.0,5000.0,5000.0
5000.0,5000.0,5000.0,5000.0
5000.0,5000.0,5000.0,5000.0
4055.378400722091,3245.4788772076236,3442.9801356006897,3961.6521363349066
5000.0,5000.0,5000.0,5000.0
5000.0,5000.0,5000.0,5000.0
5000.0,5000.0,5000.0,5000.0
5000.0,5000.0,5000.0,5000.0
5000.0,5000.0,5000.0,5000.0
5000.0,5000.0,5000.0,5000.0
5000.0,5000.0,5000.0,5000.0
5000.0,5000.0,5000.0,5000.0
5000.0,5000.0,5000.0,5000.0
5000.0,5000.0,5000.0,5000.0
5000.0,5000.0,5000.0,5000.0
4849.7,4177.32309686651,4583.2030700000005,4326.9190379572465
5000.0,5000.0,5000.0,5000.0
5000.0,5000.0,5000.0,5000.0
4849.7,3470.3628738310626,4670.843,4699.642774301302
5000.0,5000.0,5000.0,5000.0
5000.0,5000.0,5000.0,5000.0
5000.0,5000.0,5000.0,5000.0
5000.0,5000.0,5000.0,5000.0
5000.0,5000.0,5000.0,5000.0
5000.0,5000.0,5000.0,5000.0
5000.0,5000.0,5000.0,5000.0
5000.0,5000.0,5000.0,5000.0
5000.0,5000.0,5000.0,5000.0
5000.0,5000.0,5000.0,5000.0
5000.0,5000.0,5000.0,5000.0
5000.0,5000.0,5000.0,5000.0
5000.0,5000.0,5000.0,5000.0
5000.0,5000.0,5000.0,5000.0
5000.0,5000.0,5000.0,5000.0
5000.0,5000.0,5000.0,5000.0
5000.0,5000.0,5000.0,5000.0
5000.0,5000.0,5000.0,5000.0
5000.0,5000.0,5000.0,5000.0
5000.0,5000.0,5000.0,5000.0
5000.0,5000.0,5000.0,5000.0
5000.0,5000.0,5000.0,5000.0
5000.0,5000.0,5000.0,5000.0
5000.0,5000.0,5000.0,5000.0
5000.0,5000.0,5000.0,5000.0
5000.0,5000.0,5000.0,5000.0
5000.0,5000.0,5000.0,5000.0
5000.0,5000.0,5000.0,5000.0
5000.0,5000.0,5000.0,5000.0
5000.0,5000.0,5000.0,5000.0
5000.0,5000.0,5000.0,5000.0
5000.0,5000.0,5000.0,5000.0
5000.0,5000.0,5000.0,5000.0
5000.0,5000.0,5000.0,5000.0
5000.0,5000.0,5000.0,5000.0
5000.0,5000.0,5000.0,5000.0
5000.0,5000.0,5000.0,5000.0
5000.0,5000.0,5000.0,5000.0
5000.0,5000.0,5000.0,5000.0
5000.0,5000.0,5000.0,5000.0
5000.0,5000.0,5000.0,5000.0
5000.0,5000.0,5000.0,5000.0
5000.0,5000.0,5000.0,5000.0
5000.0,5000.0,5000.0,5000.0
5000.0,5000.0,5000.0,5000.0
5000.0,5000.0,5000.0,5000.0
5000.0,5000.0,5000.0,5000.0
5000.0,5000.0,5000.0,5000.0
5000.0,5000.0,5000.0,5000.0
5000.0,5000.0,5000.0,5000.0
5000.0,5000.0,5000.0,5000.0
5000.0,5000.0,5000.0,5000.0
5000.0,5000.0,5000.0,5000.0
5000.0,5000.0,5000.0,5000.0
5000.0,5000.0,5000.0,5000.0
5000.0,5000.0,5000.0,5000.0
4327.276756706484,3986.133648863759,3424.781679405492,3929.4553069278727
5000.0,5000.0,5000.0,4081.7628376771595
5000.0,5000.0,5000.0,5000.0
4744.49,5000.0,5000.0,5000.0
5000.0,5000.0,5000.0,5000.0
5000.0,5000.0,5000.0,5000.0
5000.0,5000.0,5000.0,5000.0
5000.0,5000.0,5000.0,5000.0
5000.0,5000.0,5000.0,5000.0
5000.0,5000.0,5000.0,5000.0
5000.0,5000.0,5000.0,5000.0
5000.0,5000.0,5000.0,5000.0
4581.97061,4703.909,4849.7,4849.7
5000.0,5000.0,5000.0,5000.0
5000.0,5000.0,5000.0,5000.0
4744.49,5000.0,5000.0,5000.0
5000.0,5000.0,5000.0,5000.0
5000.0,5000.0,5000.0,5000.0
5000.0,5000.0,5000.0,5000.0
5000.0,5000.0,5000.0,5000.0
5000.0,5000.0,5000.0,5000.0
5000.0,5000.0,5000.0,5000.0
5000.0,5000.0,5000.0,5000.0
5000.0,5000.0,5000.0,5000.0
5000.0,5000.0,5000.0,5000.0
5000.0,5000.0,5000.0,5000.0
5000.0,5000.0,5000.0,5000.0
5000.0,5000.0,5000.0,5000.0
5000.0,5000.0,5000.0,5000.0
5000.0,5000.0,5000.0,5000.0
5000.0,5000.0,5000.0,5000.0
5000.0,5000.0,5000.0,5000.0
5000.0,5000.0,5000.0,5000.0
5000.0,5000.0,5000.0,5000.0
5000.0,5000.0,5000.0,5000.0
5000.0,5000.0,5000.0,5000.0
5000.0,5000.0,5000.0,5000.0
5000.0,5000.0,5000.0,5000.0
5000.0,5000.0,5000.0,5000.0
5000.0,5000.0,5000.0,5000.0
5000.0,5000.0,5000.0,5000.0
5000.0,5000.0,5000.0,5000.0
5000.0,5000.0,5000.0,5000.0
5000.0,5000.0,5000.0,5000.0
5000.0,5000.0,5000.0,5000.0
5000.0,5000.0,5000.0,5000.0
5000.0,5000.0,5000.0,5000.0
5000.0,5000.0,5000.0,5000.0
5000.0,5000.0,5000.0,5000.0
5000.0,5000.0,5000.0,5000.0
5000.0,5000.0,5000.0,5000.0
5000.0,5000.0,5000.0,5000.0
5000.0,5000.0,5000.0,5000.0
5000.0,5000.0,5000.0,5000.0
5000.0,5000.0,5000.0,5000.0
5000.0,5000.0,5000.0,5000.0
5000.0,5000.0,5000.0,5000.0
5000.0,5000.0,5000.0,5000.0
5000.0,5000.0,5000.0,5000.0
5000.0,5000.0,5000.0,5000.0
5000.0,5000.0,5000.0,5000.0
5000.0,5000.0,5000.0,5000.0
5000.0,5000.0,5000.0,5000.0
5000.0,5000.0,5000.0,5000.0
5000.0,5000.0,5000.0,5000.0
5000.0,5000.0,5000.0,5000.0
5000.0,5000.0,5000.0,5000.0
5000.0,5000.0,5000.0,5000.0
5000.0,5000.0,5000.0,5000.0
5000.0,5000.0,5000.0,5000.0
5000.0,5000.0,5000.0,5000.0
5000.0,5000.0,5000.0,5000.0
5000.0,5000.0,5000.0,5000.0
5000.0,5000.0,5000.0,5000.0
5000.0,5000.0,5000.0,5000.0
5000.0,5000.0,5000.0,5000.0
5000.0,5000.0,5000.0,5000.0
5000.0,5000.0,5000.0,5000.0
5000.0,5000.0,5000.0,5000.0
5000.0,5000.0,5000.0,5000.0
5000.0,5000.0,5000.0,5000.0
5000.0,5000.0,5000.0,5000.0
5000.0,5000.0,5000.0,5000.0
5000.0,5000.0,5000.0,5000.0
5000.0,5000.0,5000.0,5000.0
5000.0,5000.0,5000.0,5000.0
5000.0,5000.0,5000.0,5000.0
5000.0,5000.0,5000.0,5000.0
5000.0,5000.0,5000.0,5000.0
5000.0,5000.0,5000.0,5000.0
5000.0,5000.0,5000.0,5000.0
5000.0,5000.0,5000.0,5000.0
5000.0,5000.0,5000.0,5000.0
5000.0,5000.0,5000.0,5000.0
5000.0,5000.0,5000.0,5000.0
5000.0,5000.0,5000.0,5000.0
5000.0,5000.0,5000.0,5000.0
5000.0,5000.0,5000.0,5000.0
5000.0,5000.0,5000.0,5000.0
5000.0,5000.0,5000.0,5000.0
5000.0,5000.0,5000.0,5000.0
5000.0,5000.0,5000.0,5000.0
5000.0,5000.0,5000.0,5000.0
5000.0,5000.0,5000.0,5000.0
5000.0,5000.0,5000.0,5000.0
5000.0,5000.0,5000.0,5000.0
5000.0,5000.0,5000.0,5000.0
5000.0,5000.0,5000.0,5000.0
5000.0,5000.0,5000.0,5000.0
5000.0,5000.0,5000.0,5000.0
5000.0,5000.0,5000.0,5000.0
5000.0,5000.0,5000.0,5000.0
5000.0,5000.0,5000.0,5000.0
5000.0,5000.0,5000.0,5000.0
5000.0,5000.0,5000.0,5000.0
5000.0,5000.0,5000.0,5000.0
5000.0,5000.0,5000.0,5000.0
5000.0,5000.0,5000.0,5000.0
5000.0,5000.0,5000.0,5000.0
5000.0,5000.0,5000.0,5000.0
5000.0,5000.0,5000.0,5000.0
5000.0,5000.0,5000.0,5000.0
5000.0,5000.0,5000.0,5000.0
5000.0,5000.0,5000.0,5000.0
5000.0,5000.0,5000.0,5000.0
5000.0,5000.0,5000.0,5000.0
5000.0,5000.0,5000.0,5000.0
5000.0,5000.0,5000.0,5000.0
5000.0,5000.0,5000.0,5000.0
5000.0,5000.0,5000.0,5000.0
5000.0,5000.0,5000.0,5000.0
5000.0,5000.0,5000.0,5000.0
5000.0,5000.0,5000.0,5000.0
5000.0,5000.0,5000.0,5000.0
5000.0,5000.0,5000.0,5000.0
5000.0,5000.0,5000.0,5000.0
5000.0,5000.0,5000.0,5000.0
5000.0,5000.0,5000.0,5000.0
5000.0,5000.0,5000.0,5000.0
5000.0,5000.0,5000.0,5000.0
5000.0,5000.0,5000.0,5000.0
5000.0,5000.0,5000.0,5000.0
5000.0,5000.0,5000.0,5000.0
5000.0,5000.0,5000.0,5000.0
5000.0,5000.0,5000.0,5000.0
5000.0,5000.0,5000.0,5000.0
5000.0,5000.0,5000.0,5000.0
5000.0,5000.0,5000.0,5000.0
5000.0,5000.0,5000.0,5000.0
5000.0,5000.0,5000.0,5000.0
5000.0,5000.0,5000.0,5000.0
5000.0,5000.0,5000.0,5000.0
5000.0,5000.0,5000.0,5000.0
5000.0,5000.0,5000.0,5000.0
5000.0,5000.0,5000.0,5000.0
5000.0,5000.0,5000.0,5000.0
5000.0,5000.0,5000.0,5000.0
5000.0,5000.0,5000.0,5000.0
5000.0,5000.0,5000.0,5000.0
5000.0,5000.0,5000.0,5000.0
5000.0,5000.0,5000.0,5000.0
5000.0,5000.0,5000.0,5000.0
5000.0,5000.0,5000.0,5000.0
5000.0,5000.0,5000.0,5000.0
5000.0,5000.0,5000.0,5000.0
5000.0,5000.0,5000.0,5000.0
5000.0,5000.0,5000.0,5000.0
5000.0,5000.0,5000.0,5000.0
5000.0,5000.0,5000.0,5000.0
5000.0,5000.0,5000.0,5000.0
5000.0,5000.0,5000.0,5000.0
5000.0,5000.0,5000.0,5000.0
5000.0,5000.0,5000.0,5000.0
5000.0,5000.0,5000.0,5000.0
5000.0,5000.0,5000.0,5000.0
5000.0,5000.0,5000.0,5000.0
5000.0,5000.0,5000.0,5000.0
5000.0,5000.0,5000.0,5000.0
5000.0,5000.0,5000.0,5000.0
5000.0,5000.0,5000.0,5000.0
5000.0,5000.0,5000.0,5000.0
5000.0,5000.0,5000.0,5000.0
5000.0,5000.0,5000.0,5000.0
5000.0,5000.0,5000.0,5000.0
5000.0,5000.0,5000.0,5000.0
5000.0,5000.0,5000.0,5000.0
5000.0,5000.0,5000.0,5000.0
5000.0,5000.0,5000.0,5000.0
5000.0,5000.0,5000.0,5000.0
5000.0,5000.0,5000.0,5000.0
5000.0,5000.0,5000.0,5000.0
5000.0,5000.0,5000.0,5000.0
5000.0,5000.0,5000.0,5000.0
5000.0,5000.0,5000.0,5000.0
5000.0,5000.0,5000.0,5000.0
5000.0,5000.0,5000.0,5000.0
5000.0,5000.0,5000.0,5000.0
5000.0,5000.0,5000.0,5000.0
5000.0,5000.0,5000.0,5000.0
5000.0,5000.0,5000.0,5000.0
5000.0,5000.0,5000.0,5000.0
5000.0,5000.0,5000.0,5000.0
5000.0,5000.0,5000.0,5000.0
5000.0,5000.0,5000.0,5000.0
5000.0,5000.0,5000.0,5000.0
5000.0,5000.0,5000.0,5000.0
5000.0,5000.0,5000.0,5000.0
5000.0,5000.0,5000.0,5000.0
5000.0,5000.0,5000.0,5000.0
5000.0,5000.0,5000.0,5000.0
5000.0,5000.0,5000.0,5000.0
5000.0,5000.0,5000.0,5000.0
5000.0,5000.0,5000.0,5000.0
5000.0,5000.0,5000.0,5000.0
5000.0,5000.0,5000.0,5000.0
5000.0,5000.0,5000.0,5000.0
5000.0,5000.0,5000.0,5000.0
5000.0,5000.0,5000.0,5000.0
5000.0,5000.0,5000.0,5000.0
5000.0,5000.0,5000.0,5000.0
5000.0,5000.0,5000.0,5000.0
5000.0,5000.0,5000.0,5000.0
5000.0,5000.0,5000.0,5000.0
5000.0,5000.0,5000.0,5000.0
5000.0,5000.0,5000.0,5000.0
5000.0,5000.0,5000.0,5000.0
5000.0,5000.0,5000.0,5000.0
5000.0,5000.0,5000.0,5000.0
5000.0,5000.0,5000.0,5000.0
5000.0,5000.0,5000.0,5000.0
5000.0,5000.0,5000.0,5000.0
5000.0,5000.0,5000.0,5000.0
5000.0,5000.0,5000.0,5000.0
5000.0,5000.0,5000.0,5000.0
5000.0,5000.0,5000.0,5000.0
5000.0,5000.0,5000.0,5000.0
5000.0,5000.0,5000.0,5000.0
5000.0,5000.0,5000.0,5000.0
5000.0,5000.0,5000.0,5000.0
5000.0,5000.0,5000.0,5000.0
5000.0,5000.0,5000.0,5000.0
5000.0,5000.0,5000.0,5000.0
5000.0,5000.0,5000.0,5000.0
5000.0,5000.0,5000.0,5000.0
5000.0,5000.0,5000.0,5000.0
5000.0,5000.0,5000.0,5000.0
5000.0,5000.0,5000.0,5000.0
5000.0,5000.0,5000.0,5000.0
5000.0,5000.0,5000.0,5000.0
5000.0,5000.0,5000.0,5000.0
5000.0,5000.0,5000.0,5000.0
5000.0,5000.0,5000.0,5000.0
5000.0,5000.0,5000.0,5000.0
5000.0,5000.0,5000.0,5000.0
5000.0,5000.0,5000.0,5000.0
5000.0,5000.0,5000.0,5000.0
5000.0,5000.0,5000.0,5000.0
5000.0,5000.0,5000.0,5000.0
5000.0,5000.0,5000.0,5000.0
5000.0,5000.0,5000.0,5000.0
5000.0,5000.0,5000.0,5000.0
5000.0,5000.0,5000.0,5000.0
5000.0,5000.0,5000.0,5000.0
5000.0,5000.0,5000.0,5000.0
5000.0,5000.0,5000.0,5000.0
5000.0,5000.0,5000.0,5000.0
5000.0,5000.0,5000.0,5000.0
5000.0,5000.0,5000.0,5000.0
5000.0,5000.0,5000.0,5000.0
5000.0,5000.0,5000.0,5000.0
5000.0,5000.0,5000.0,5000.0
5000.0,5000.0,5000.0,5000.0
5000.0,5000.0,5000.0,5000.0
5000.0,5000.0,5000.0,5000.0
5000.0,5000.0,5000.0,5000.0
5000.0,5000.0,5000.0,5000.0
5000.0,5000.0,5000.0,5000.0
5000.0,5000.0,5000.0,5000.0
5000.0,5000.0,5000.0,5000.0
5000.0,5000.0,5000.0,5000.0
5000.0,5000.0,5000.0,5000.0
5000.0,5000.0,5000.0,5000.0
5000.0,5000.0,5000.0,5000.0
5000.0,5000.0,5000.0,5000.0
5000.0,5000.0,5000.0,5000.0
5000.0,5000.0,5000.0,5000.0
5000.0,5000.0,5000.0,5000.0
5000.0,5000.0,5000.0,5000.0
5000.0,5000.0,5000.0,5000.0
5000.0,5000.0,5000.0,5000.0
5000.0,5000.0,5000.0,5000.0
5000.0,5000.0,5000.0,5000.0
5000.0,5000.0,5000.0,5000.0
5000.0,5000.0,5000.0,5000.0
5000.0,5000.0,5000.0,5000.0
5000.0,5000.0,5000.0,5000.0
5000.0,5000.0,5000.0,5000.0
5000.0,5000.0,5000.0,5000.0
5000.0,5000.0,5000.0,5000.0
5000.0,5000.0,5000.0,5000.0
5000.0,5000.0,5000.0,5000.0
5000.0,5000.0,5000.0,5000.0
5000.0,5000.0,5000.0,5000.0
5000.0,5000.0,5000.0,5000.0
5000.0,5000.0,5000.0,5000.0
5000.0,5000.0,5000.0,5000.0
5000.0,5000.0,5000.0,5000.0
5000.0,5000.0,5000.0,5000.0
5000.0,5000.0,5000.0,5000.0
5000.0,5000.0,5000.0,5000.0
5000.0,5000.0,5000.0,5000.0
5000.0,5000.0,5000.0,5000.0
5000.0,5000.0,5000.0,5000.0
5000.0,5000.0,5000.0,5000.0
5000.0,5000.0,5000.0,5000.0
5000.0,5000.0,5000.0,5000.0
5000.0,5000.0,5000.0,5000.0
5000.0,5000.0,5000.0,5000.0
2185.3973966815215,2296.2007717064926,2986.5057120970296,2415.452088949342
5000.0,5000.0,5000.0,5000.0
3695.7811147631246,3269.04003112415,3960.8421380793675,3635.1501165691934
5000.0,5000.0,5000.0,5000.0
5000.0,5000.0,5000.0,5000.0
3150.7853438695206,2513.646353723615,3506.8059650971077,3112.3493069367782
4562.49173,4184.838243991324,4012.9067160542068,4506.854824687756
5000.0,5000.0,5000.0,5000.0
5000.0,5000.0,4040.057064161039,5000.0
5000.0,5000.0,5000.0,5000.0
5000.0,5000.0,5000.0,5000.0
5000.0,5000.0,5000.0,5000.0
2750.858730225123,2746.8365741352777,2599.625948409752,2910.661146010935
5000.0,5000.0,5000.0,5000.0
5000.0,5000.0,5000.0,5000.0
5000.0,5000.0,5000.0,5000.0
5000.0,5000.0,5000.0,5000.0
4413.493328,3347.0939570082714,4070.24861995469,4112.113592738017
4562.49173,4306.840974591298,4583.2030700000005,4218.2291322208675
5000.0,5000.0,5000.0,5000.0
5000.0,5000.0,5000.0,5000.0
5000.0,5000.0,5000.0,5000.0
5000.0,5000.0,5000.0,5000.0
5000.0,5000.0,5000.0,5000.0
5000.0,5000.0,5000.0,5000.0
5000.0,5000.0,5000.0,5000.0
5000.0,5000.0,5000.0,5000.0
5000.0,5000.0,5000.0,5000.0
5000.0,5000.0,5000.0,5000.0
5000.0,5000.0,5000.0,5000.0
5000.0,5000.0,5000.0,5000.0
5000.0,5000.0,5000.0,5000.0
5000.0,5000.0,5000.0,5000.0
5000.0,5000.0,5000.0,5000.0
5000.0,5000.0,5000.0,5000.0
5000.0,5000.0,5000.0,5000.0
5000.0,5000.0,5000.0,5000.0
5000.0,5000.0,5000.0,5000.0
5000.0,5000.0,5000.0,5000.0
5000.0,5000.0,5000.0,5000.0
5000.0,5000.0,5000.0,5000.0
5000.0,5000.0,5000.0,5000.0
5000.0,5000.0,5000.0,4849.7
5000.0,5000.0,3987.4433539704396,5000.0
5000.0,5000.0,5000.0,5000.0
5000.0,5000.0,5000.0,5000.0
5000.0,5000.0,5000.0,5000.0
5000.0,5000.0,5000.0,5000.0
5000.0,5000.0,5000.0,5000.0
5000.0,5000.0,5000.0,5000.0
5000.0,5000.0,5000.0,5000.0
5000.0,5000.0,5000.0,5000.0
5000.0,5000.0,5000.0,5000.0
5000.0,5000.0,5000.0,5000.0
5000.0,5000.0,5000.0,5000.0
5000.0,5000.0,5000.0,5000.0
5000.0,5000.0,5000.0,5000.0
5000.0,5000.0,5000.0,5000.0
5000.0,5000.0,5000.0,5000.0
5000.0,5000.0,5000.0,5000.0
5000.0,5000.0,5000.0,5000.0
5000.0,5000.0,5000.0,5000.0
5000.0,5000.0,5000.0,5000.0
5000.0,5000.0,5000.0,5000.0
5000.0,5000.0,5000.0,5000.0
5000.0,5000.0,5000.0,5000.0
5000.0,5000.0,5000.0,5000.0
5000.0,5000.0,5000.0,5000.0
5000.0,5000.0,5000.0,5000.0
5000.0,5000.0,5000.0,5000.0
5000.0,5000.0,5000.0,5000.0
5000.0,5000.0,5000.0,5000.0
3787.2328922653965,3430.5512177307346,3957.9602966170614,3281.70285469006
5000.0,5000.0,5000.0,5000.0
5000.0,5000.0,5000.0,5000.0
5000.0,5000.0,5000.0,5000.0
5000.0,5000.0,5000.0,5000.0
5000.0,5000.0,5000.0,5000.0
5000.0,5000.0,5000.0,5000.0
5000.0,5000.0,5000.0,5000.0
5000.0,5000.0,5000.0,5000.0
5000.0,5000.0,5000.0,5000.0
5000.0,5000.0,5000.0,5000.0
5000.0,5000.0,5000.0,5000.0
5000.0,5000.0,4699.7,5000.0
5000.0,5000.0,5000.0,5000.0
5000.0,5000.0,5000.0,5000.0
5000.0,5000.0,5000.0,5000.0
5000.0,5000.0,5000.0,5000.0
5000.0,5000.0,5000.0,5000.0
5000.0,5000.0,5000.0,5000.0
5000.0,5000.0,5000.0,5000.0
5000.0,5000.0,5000.0,5000.0
5000.0,5000.0,5000.0,5000.0
5000.0,5000.0,5000.0,5000.0
5000.0,5000.0,5000.0,5000.0
5000.0,5000.0,5000.0,5000.0
5000.0,5000.0,5000.0,5000.0
5000.0,5000.0,5000.0,5000.0
5000.0,5000.0,5000.0,5000.0
5000.0,5000.0,5000.0,5000.0
5000.0,5000.0,5000.0,5000.0
5000.0,5000.0,5000.0,5000.0
5000.0,5000.0,5000.0,5000.0
5000.0,5000.0,5000.0,5000.0
5000.0,5000.0,5000.0,5000.0
5000.0,5000.0,5000.0,5000.0
5000.0,5000.0,5000.0,5000.0
5000.0,5000.0,5000.0,5000.0
5000.0,5000.0,5000.0,5000.0
5000.0,5000.0,5000.0,5000.0
5000.0,5000.0,5000.0,5000.0
5000.0,5000.0,5000.0,5000.0
5000.0,5000.0,5000.0,5000.0
4040.057064161039,4721.231866301301,4060.493136704373,4674.926593034634
5000.0,4849.7,5000.0,5000.0
5000.0,5000.0,5000.0,5000.0
5000.0,5000.0,5000.0,5000.0
5000.0,5000.0,5000.0,5000.0
5000.0,5000.0,5000.0,5000.0
5000.0,5000.0,5000.0,5000.0
5000.0,5000.0,5000.0,5000.0
5000.0,5000.0,5000.0,5000.0
5000.0,5000.0,5000.0,5000.0
5000.0,5000.0,5000.0,5000.0
5000.0,5000.0,5000.0,5000.0
5000.0,5000.0,5000.0,4499.169980504859
5000.0,5000.0,5000.0,5000.0
5000.0,5000.0,5000.0,5000.0
5000.0,5000.0,5000.0,5000.0
5000.0,5000.0,5000.0,5000.0
5000.0,5000.0,5000.0,5000.0
5000.0,5000.0,5000.0,5000.0
5000.0,5000.0,5000.0,5000.0
5000.0,5000.0,5000.0,5000.0
5000.0,5000.0,5000.0,5000.0
5000.0,5000.0,5000.0,5000.0
5000.0,5000.0,5000.0,5000.0
5000.0,5000.0,5000.0,5000.0
5000.0,5000.0,5000.0,5000.0
5000.0,5000.0,5000.0,5000.0
5000.0,5000.0,5000.0,5000.0
5000.0,5000.0,5000.0,5000.0
5000.0,5000.0,5000.0,5000.0
5000.0,5000.0,5000.0,5000.0
5000.0,5000.0,5000.0,5000.0
5000.0,5000.0,5000.0,5000.0
5000.0,5000.0,5000.0,5000.0
5000.0,5000.0,5000.0,5000.0
5000.0,5000.0,5000.0,5000.0
5000.0,5000.0,5000.0,5000.0
5000.0,5000.0,5000.0,5000.0
5000.0,5000.0,5000.0,5000.0
5000.0,5000.0,5000.0,5000.0
5000.0,5000.0,5000.0,5000.0
5000.0,5000.0,5000.0,5000.0
5000.0,5000.0,5000.0,5000.0
5000.0,5000.0,5000.0,5000.0
5000.0,5000.0,5000.0,5000.0
5000.0,5000.0,5000.0,5000.0
5000.0,5000.0,5000.0,5000.0
5000.0,5000.0,5000.0,5000.0
5000.0,5000.0,5000.0,5000.0
5000.0,5000.0,5000.0,5000.0
5000.0,5000.0,5000.0,5000.0
5000.0,5000.0,5000.0,5000.0
5000.0,5000.0,5000.0,5000.0
5000.0,5000.0,5000.0,5000.0
5000.0,5000.0,5000.0,5000.0
5000.0,5000.0,5000.0,5000.0
5000.0,5000.0,5000.0,5000.0
5000.0,5000.0,5000.0,5000.0
5000.0,5000.0,5000.0,5000.0
5000.0,5000.0,5000.0,5000.0
5000.0,5000.0,5000.0,5000.0
5000.0,5000.0,5000.0,5000.0
5000.0,5000.0,5000.0,5000.0
5000.0,5000.0,5000.0,5000.0
5000.0,5000.0,5000.0,5000.0
5000.0,5000.0,5000.0,5000.0
5000.0,5000.0,5000.0,5000.0
5000.0,5000.0,5000.0,5000.0
5000.0,5000.0,5000.0,5000.0
5000.0,5000.0,5000.0,5000.0
5000.0,5000.0,5000.0,5000.0
5000.0,5000.0,5000.0,5000.0
5000.0,5000.0,5000.0,5000.0
5000.0,5000.0,5000.0,5000.0
5000.0,5000.0,5000.0,5000.0
5000.0,5000.0,5000.0,5000.0
5000.0,5000.0,5000.0,5000.0
5000.0,5000.0,5000.0,5000.0
5000.0,5000.0,5000.0,5000.0
5000.0,5000.0,5000.0,5000.0
5000.0,5000.0,5000.0,5000.0
5000.0,5000.0,5000.0,5000.0
5000.0,5000.0,5000.0,5000.0
5000.0,5000.0,5000.0,5000.0
5000.0,5000.0,5000.0,5000.0
5000.0,5000.0,5000.0,5000.0
5000.0,5000.0,5000.0,5000.0
5000.0,5000.0,5000.0,5000.0
5000.0,5000.0,5000.0,5000.0
5000.0,5000.0,5000.0,5000.0
5000.0,5000.0,5000.0,5000.0
5000.0,5000.0,5000.0,5000.0
5000.0,5000.0,5000.0,5000.0
5000.0,5000.0,5000.0,5000.0
5000.0,5000.0,5000.0,5000.0
5000.0,5000.0,5000.0,5000.0
5000.0,5000.0,5000.0,5000.0
5000.0,5000.0,5000.0,5000.0
5000.0,5000.0,5000.0,5000.0
5000.0,5000.0,5000.0,5000.0
5000.0,5000.0,5000.0,5000.0
1899.0886740420196,1645.5348276402626,1892.3391752084017,1868.8027974708223
